Tree 	Latitude	Longitude
1	42.64809458	-70.8522231
2	42.64777778	-70.85305556
3	42.64805556	-70.8525
4	42.64777778	-70.85138889
5	42.64819682	-70.85243526
6	42.64794528	-70.85198714
7	42.64777778	-70.85305556
8	42.64799562	-70.85135472
9	42.64805556	-70.85166667
10	42.64944444	-70.86472222
11	42.65158194	-70.84740453
12	42.65295104	-70.85569022
13	42.65277778	-70.85583333
14	42.65305556	-70.85583333
15	42.65027778	-70.8675
16	42.65358246	-70.85538406
17	42.65555556	-70.85583333
18	42.56972222	-70.19361111
19	42.655	-70.85583333
20	42.65527778	-70.85583333
21	42.654217	-70.85545
22	42.65475	-70.85606
23	42.655°	-70.85639
24	42.65694°	-70.8525
25	42.65694°	-70.8525
26	42.65639°	-70.85333
27	42.65667°	-70.85333
28	42.6575°	-70.85139
29	42.65667°	-70.85306
30	42.65722°	-70.85278
31	42.65694°	-70.8525
32	42.65722°	-70.85278
33	42.65694°	-70.8525
